---
time: 20191101-0100
configuration_id: 1211
mission: no_obstacles
replicate: 2
achieved: true
time_spent: 31.212117752
dist_to_goal: 0.31461768938719037
