---
time: 20191101-0038
configuration_id: 886
mission: no_obstacles
replicate: 4
achieved: true
time_spent: 36.455145703
dist_to_goal: 0.21100910935177822
