---
time: 20191101-1017
configuration_id: 1848
mission: no_obstacles
replicate: 0
achieved: true
time_spent: 41.69623119
dist_to_goal: 0.44770594720539997
