---
time: 20191101-0623
configuration_id: 1711
mission: no_obstacles
replicate: 0
achieved: true
time_spent: 25.96917006
dist_to_goal: 0.49790961169442355
