---
time: 20191101-0713
configuration_id: 1734
mission: no_obstacles
replicate: 2
achieved: true
time_spent: 25.969886462
dist_to_goal: 0.10598773864418413
