---
time: 20191031-2334
configuration_id: 258
mission: no_obstacles
replicate: 3
achieved: true
time_spent: 46.939236445
dist_to_goal: 0.3534404928218884
