---
time: 20191101-0737
configuration_id: 1748
mission: no_obstacles
replicate: 1
achieved: true
time_spent: 52.181754693
dist_to_goal: 0.44159224643443057
