---
time: 20191101-0204
configuration_id: 1485
mission: no_obstacles
replicate: 1
achieved: true
time_spent: 46.939100091
dist_to_goal: 0.42848959301610623
