---
time: 20191101-1536
configuration_id: 1715
mission: with_obstacles
replicate: 2
achieved: true
time_spent: 94.120967364
dist_to_goal: 0.35756104033997843
