---
time: 20191101-0649
configuration_id: 1725
mission: no_obstacles
replicate: 0
achieved: true
time_spent: 36.453051249
dist_to_goal: 0.14061342199583787
