---
time: 20191101-0601
configuration_id: 1692
mission: no_obstacles
replicate: 3
achieved: true
time_spent: 41.69679105
dist_to_goal: 0.39296471302618974
