---
time: 20191101-1056
configuration_id: 1862
mission: no_obstacles
replicate: 2
achieved: true
time_spent: 20.728172899
dist_to_goal: 0.04191700290395629
