---
time: 20191101-1059
configuration_id: 1862
mission: no_obstacles
replicate: 4
achieved: true
time_spent: 20.728024161
dist_to_goal: 0.4316336942776634
