---
time: 20191031-2355
configuration_id: 494
mission: no_obstacles
replicate: 4
achieved: true
time_spent: 67.909951101
dist_to_goal: 0.14735727179934965
