---
time: 20191101-1036
configuration_id: 1858
mission: no_obstacles
replicate: 0
achieved: true
time_spent: 25.970041367
dist_to_goal: 0.45071118219352674
