---
time: 20191101-0135
configuration_id: 1435
mission: no_obstacles
replicate: 1
achieved: true
time_spent: 25.970465075
dist_to_goal: 0.21130508814479598
