---
time: 20191101-0541
configuration_id: 1688
mission: no_obstacles
replicate: 2
achieved: true
time_spent: 62.66699601
dist_to_goal: 0.35544129320786394
