---
time: 20191101-0950
configuration_id: 1825
mission: no_obstacles
replicate: 0
achieved: true
time_spent: 57.423875887
dist_to_goal: 0.4833083505424996
