---
time: 20191031-2336
configuration_id: 258
mission: no_obstacles
replicate: 4
achieved: true
time_spent: 31.092628384
dist_to_goal: 0.03949883051955357
