---
time: 20191101-0307
configuration_id: 1553
mission: no_obstacles
replicate: 4
achieved: true
time_spent: 41.696654337
dist_to_goal: 0.08876426964279212
