---
time: 20191101-0911
configuration_id: 1795
mission: no_obstacles
replicate: 1
achieved: true
time_spent: 41.697572446
dist_to_goal: 0.4936112875077092
