---
time: 20191101-1037
configuration_id: 1858
mission: no_obstacles
replicate: 1
achieved: true
time_spent: 31.21228083
dist_to_goal: 0.2909524043986878
