---
time: 20191101-0900
configuration_id: 1785
mission: no_obstacles
replicate: 0
achieved: true
time_spent: 36.453719152
dist_to_goal: 0.2621047684649274
