---
time: 20191101-0233
configuration_id: 1513
mission: no_obstacles
replicate: 3
achieved: true
time_spent: 67.905217687
dist_to_goal: 0.07150697558541087
