---
time: 20191101-0734
configuration_id: 1747
mission: no_obstacles
replicate: 4
achieved: true
time_spent: 20.728340847
dist_to_goal: 0.32342375526739386
