---
time: 20191101-0014
configuration_id: 875
mission: no_obstacles
replicate: 0
achieved: true
time_spent: 25.970529353
dist_to_goal: 0.2106033654386293
