---
time: 20191101-0509
configuration_id: 1677
mission: no_obstacles
replicate: 0
achieved: true
time_spent: 15.485322406
dist_to_goal: 0.4342610191813564
