---
time: 20191101-0007
configuration_id: 732
mission: no_obstacles
replicate: 1
achieved: true
time_spent: 20.727771081
dist_to_goal: 0.37347004205336104
