---
time: 20191101-0743
configuration_id: 1752
mission: no_obstacles
replicate: 0
achieved: true
time_spent: 73.151081558
dist_to_goal: 0.35013756572412214
