---
time: 20191101-0158
configuration_id: 1472
mission: no_obstacles
replicate: 3
achieved: true
time_spent: 31.212744774
dist_to_goal: 0.4127381448735192
