---
time: 20191101-0656
configuration_id: 1725
mission: no_obstacles
replicate: 3
achieved: true
time_spent: 41.69849261
dist_to_goal: 0.2690373388434028
