---
time: 20191101-0559
configuration_id: 1692
mission: no_obstacles
replicate: 2
achieved: true
time_spent: 62.667639395
dist_to_goal: 0.3885063357466759
