---
time: 20191101-0435
configuration_id: 1632
mission: no_obstacles
replicate: 1
achieved: true
time_spent: 25.970491403
dist_to_goal: 0.46566230181889934
