---
time: 20191101-0801
configuration_id: 1756
mission: no_obstacles
replicate: 4
achieved: true
time_spent: 25.969645532
dist_to_goal: 0.28292442727513467
