---
time: 20191101-0440
configuration_id: 1632
mission: no_obstacles
replicate: 4
achieved: true
time_spent: 20.728081666
dist_to_goal: 0.46809915653669393
