---
time: 20191101-0224
configuration_id: 1501
mission: no_obstacles
replicate: 3
achieved: true
time_spent: 36.456511043
dist_to_goal: 0.36518699510881003
