---
time: 20191101-0019
configuration_id: 875
mission: no_obstacles
replicate: 3
achieved: true
time_spent: 31.212492988
dist_to_goal: 0.4268920622643318
