---
time: 20191101-0129
configuration_id: 1283
mission: no_obstacles
replicate: 2
achieved: true
time_spent: 25.970865288
dist_to_goal: 0.3090547223282086
