---
time: 20191031-2357
configuration_id: 531
mission: no_obstacles
replicate: 0
achieved: true
time_spent: 57.426442142
dist_to_goal: 0.33199399165573124
