---
time: 20191031-2329
configuration_id: 258
mission: no_obstacles
replicate: 0
achieved: true
time_spent: 41.697776323
dist_to_goal: 0.11814296453019789
