---
time: 20191101-0837
configuration_id: 1778
mission: no_obstacles
replicate: 2
achieved: true
time_spent: 20.727002392
dist_to_goal: 0.18776196478307827
