---
time: 20191101-1047
configuration_id: 1860
mission: no_obstacles
replicate: 2
achieved: true
time_spent: 52.18172467
dist_to_goal: 0.14401060390343426
