---
time: 20191101-0004
configuration_id: 531
mission: no_obstacles
replicate: 4
achieved: true
time_spent: 36.455390409
dist_to_goal: 0.43639540159432444
