---
time: 20191101-0938
configuration_id: 1816
mission: no_obstacles
replicate: 3
achieved: true
time_spent: 25.969747873
dist_to_goal: 0.16793145610532403
