---
time: 20191101-0417
configuration_id: 1617
mission: no_obstacles
replicate: 2
achieved: true
time_spent: 20.727508385
dist_to_goal: 0.48139676535694037
