---
time: 20191101-0956
configuration_id: 1825
mission: no_obstacles
replicate: 3
achieved: true
time_spent: 52.181342882
dist_to_goal: 0.4867091707965306
