---
time: 20191101-0437
configuration_id: 1632
mission: no_obstacles
replicate: 2
achieved: true
time_spent: 25.971557282
dist_to_goal: 0.4590833058251269
