---
time: 20191101-0456
configuration_id: 1652
mission: no_obstacles
replicate: 3
achieved: true
time_spent: 25.97017047
dist_to_goal: 0.4998719002263655
