---
time: 20191101-0716
configuration_id: 1734
mission: no_obstacles
replicate: 4
achieved: true
time_spent: 62.666981886
dist_to_goal: 0.49581546901320944
