---
time: 20191101-0637
configuration_id: 1712
mission: no_obstacles
replicate: 3
achieved: true
time_spent: 25.968616842
dist_to_goal: 0.27738842896902227
