---
time: 20191101-0055
configuration_id: 1101
mission: no_obstacles
replicate: 4
achieved: true
time_spent: 31.212704978
dist_to_goal: 0.46779831791269466
