---
time: 20191101-0625
configuration_id: 1711
mission: no_obstacles
replicate: 1
achieved: true
time_spent: 31.212927463
dist_to_goal: 0.4857431486394435
