---
time: 20191101-0533
configuration_id: 1684
mission: no_obstacles
replicate: 3
achieved: true
time_spent: 46.939189145
dist_to_goal: 0.1430863124420135
