---
time: 20191101-0803
configuration_id: 1762
mission: no_obstacles
replicate: 0
achieved: true
time_spent: 62.665922114
dist_to_goal: 0.38783065598577365
