---
time: 20191101-1103
configuration_id: 1863
mission: no_obstacles
replicate: 2
achieved: true
time_spent: 20.726823124
dist_to_goal: 0.4176633771655765
