---
time: 20191101-1026
configuration_id: 1857
mission: no_obstacles
replicate: 0
achieved: true
time_spent: 20.728500342
dist_to_goal: 0.3332064225799342
