---
time: 20191101-0210
configuration_id: 1500
mission: no_obstacles
replicate: 0
achieved: true
time_spent: 15.486443536
dist_to_goal: 0.2846220510729773
