---
time: 20191101-0119
configuration_id: 1251
mission: no_obstacles
replicate: 2
achieved: true
time_spent: 36.454126657
dist_to_goal: 0.35090735825927766
