---
time: 20191101-1035
configuration_id: 1857
mission: no_obstacles
replicate: 4
achieved: true
time_spent: 15.484910515
dist_to_goal: 0.20028420059739988
