---
time: 20191101-0850
configuration_id: 1781
mission: no_obstacles
replicate: 4
achieved: true
time_spent: 31.211306014
dist_to_goal: 0.12255015709762204
