---
time: 20191101-0058
configuration_id: 1211
mission: no_obstacles
replicate: 1
achieved: true
time_spent: 57.421690233
dist_to_goal: 0.2929725886439452
