---
time: 20191101-0728
configuration_id: 1747
mission: no_obstacles
replicate: 0
achieved: true
time_spent: 41.698192497
dist_to_goal: 0.4707563693465732
