---
time: 20191101-1053
configuration_id: 1862
mission: no_obstacles
replicate: 0
achieved: true
time_spent: 25.969987304
dist_to_goal: 0.29238552775477966
