---
time: 20191101-0023
configuration_id: 879
mission: no_obstacles
replicate: 1
achieved: true
time_spent: 36.456560192
dist_to_goal: 0.14543693231503457
