---
time: 20191101-1100
configuration_id: 1863
mission: no_obstacles
replicate: 0
achieved: true
time_spent: 20.727844051
dist_to_goal: 0.49883300771034655
