---
time: 20191101-0033
configuration_id: 886
mission: no_obstacles
replicate: 1
achieved: true
time_spent: 36.455953077
dist_to_goal: 0.13181999020930998
