---
time: 20191101-0823
configuration_id: 1777
mission: no_obstacles
replicate: 0
achieved: true
time_spent: 36.454691795
dist_to_goal: 0.2144025048065126
