---
time: 20191101-0138
configuration_id: 1435
mission: no_obstacles
replicate: 3
achieved: true
time_spent: 25.9698305
dist_to_goal: 0.1619095491196729
