---
time: 20191101-0421
configuration_id: 1617
mission: no_obstacles
replicate: 4
achieved: true
time_spent: 25.969605186
dist_to_goal: 0.29564111849203245
