---
time: 20191101-0813
configuration_id: 1763
mission: no_obstacles
replicate: 0
achieved: true
time_spent: 52.182745894
dist_to_goal: 0.3589651121689215
