---
time: 20191101-0308
configuration_id: 1558
mission: no_obstacles
replicate: 0
achieved: true
time_spent: 36.455954312
dist_to_goal: 0.4185116254632935
