---
time: 20191101-0207
configuration_id: 1485
mission: no_obstacles
replicate: 3
achieved: true
time_spent: 41.697695571
dist_to_goal: 0.3257418787217777
