---
time: 20191101-0848
configuration_id: 1781
mission: no_obstacles
replicate: 3
achieved: true
time_spent: 36.454449578
dist_to_goal: 0.10105225731352616
