---
time: 20191031-2353
configuration_id: 494
mission: no_obstacles
replicate: 3
achieved: true
time_spent: 25.970014879
dist_to_goal: 0.3498342603166052
