---
time: 20191101-0622
configuration_id: 1708
mission: no_obstacles
replicate: 4
achieved: true
time_spent: 25.971295512
dist_to_goal: 0.18887342784638125
