---
time: 20191101-0502
configuration_id: 1655
mission: no_obstacles
replicate: 2
achieved: true
time_spent: 62.668172464
dist_to_goal: 0.35315077977212833
