---
time: 20191101-0127
configuration_id: 1283
mission: no_obstacles
replicate: 1
achieved: true
time_spent: 52.179988597
dist_to_goal: 0.4237986841213524
