---
time: 20191101-0025
configuration_id: 879
mission: no_obstacles
replicate: 2
achieved: true
time_spent: 36.455830993
dist_to_goal: 0.0331118862440735
