---
time: 20191031-2350
configuration_id: 494
mission: no_obstacles
replicate: 1
achieved: true
time_spent: 31.21385504
dist_to_goal: 0.3812669067969415
