---
time: 20191101-0112
configuration_id: 1212
mission: no_obstacles
replicate: 3
achieved: true
time_spent: 46.936798512
dist_to_goal: 0.4811404403100899
