---
time: 20191101-0419
configuration_id: 1617
mission: no_obstacles
replicate: 3
achieved: true
time_spent: 25.96913742
dist_to_goal: 0.16484104879023512
