---
time: 20191101-1042
configuration_id: 1858
mission: no_obstacles
replicate: 4
achieved: true
time_spent: 25.970085525
dist_to_goal: 0.39253011077359323
