---
id: 68
motion_planner:
  mSearchUntilFirstSolution: false
  mReplanDuringEachUpdate: true
  mReplanMinDistStartGoal: 0.5
  mSpeedForward: 0.30000000000000004
  mSpeedTurn: 0.5
  mSpeedPointTurn: 0.30000000000000004
  mNumIntermediatePoints: 10
  planning_time_sec: 11.0
trajectory_follower:
  noOrientationRotationalVelocity: 0.060000000000000005
  pointTurnSpeed: 0.075
traversability:
  maximum_slope: 0.6000000000000001
  min_width: 0.1
  ground_clearance: 0.30000000000000004
