---
time: 20191101-0125
configuration_id: 1283
mission: no_obstacles
replicate: 0
achieved: true
time_spent: 25.970775201
dist_to_goal: 0.3943942652409571
