---
time: 20191101-0134
configuration_id: 1435
mission: no_obstacles
replicate: 0
achieved: true
time_spent: 25.970493165
dist_to_goal: 0.1729256599778494
