---
time: 20191101-0949
configuration_id: 1823
mission: no_obstacles
replicate: 4
achieved: true
time_spent: 36.454362696
dist_to_goal: 0.42235529826976176
