---
time: 20191101-0523
configuration_id: 1679
mission: no_obstacles
replicate: 3
achieved: true
time_spent: 67.90865863
dist_to_goal: 0.2705203789038456
