---
time: 20191101-0103
configuration_id: 1211
mission: no_obstacles
replicate: 4
achieved: true
time_spent: 36.453919495
dist_to_goal: 0.1588660018071668
