---
time: 20191101-0039
configuration_id: 1030
mission: no_obstacles
replicate: 0
achieved: true
time_spent: 31.213411313
dist_to_goal: 0.4155253545855149
