---
time: 20191101-0629
configuration_id: 1711
mission: no_obstacles
replicate: 3
achieved: true
time_spent: 41.697610554
dist_to_goal: 0.4166392832205124
