---
time: 20191101-0157
configuration_id: 1472
mission: no_obstacles
replicate: 2
achieved: true
time_spent: 20.72884574
dist_to_goal: 0.42284838355116483
