---
time: 20191101-0757
configuration_id: 1756
mission: no_obstacles
replicate: 1
achieved: true
time_spent: 52.181081815
dist_to_goal: 0.13765337426829585
