---
time: 20191101-0202
configuration_id: 1485
mission: no_obstacles
replicate: 0
achieved: true
time_spent: 46.939686468
dist_to_goal: 0.3875805340337094
