---
time: 20191101-0139
configuration_id: 1435
mission: no_obstacles
replicate: 4
achieved: true
time_spent: 36.455148203
dist_to_goal: 0.2227414229204953
