---
time: 20191101-0317
configuration_id: 1565
mission: no_obstacles
replicate: 0
achieved: true
time_spent: 41.697124637
dist_to_goal: 0.3705260752598495
