---
time: 20191101-0213
configuration_id: 1500
mission: no_obstacles
replicate: 2
achieved: true
time_spent: 15.484858678
dist_to_goal: 0.3462496829241814
