---
time: 20191101-0753
configuration_id: 1752
mission: no_obstacles
replicate: 4
achieved: true
time_spent: 31.212846395
dist_to_goal: 0.39297995955449366
