---
time: 20191101-0800
configuration_id: 1756
mission: no_obstacles
replicate: 3
achieved: true
time_spent: 25.970203975
dist_to_goal: 0.26661859391811416
