---
time: 20191101-0009
configuration_id: 732
mission: no_obstacles
replicate: 2
achieved: true
time_spent: 25.970343435
dist_to_goal: 0.3079470687737336
