---
time: 20191101-1052
configuration_id: 1860
mission: no_obstacles
replicate: 4
achieved: true
time_spent: 41.696912428
dist_to_goal: 0.15817867580798733
