---
time: 20191101-0825
configuration_id: 1777
mission: no_obstacles
replicate: 1
achieved: true
time_spent: 46.941139276
dist_to_goal: 0.3183571589082974
