---
time: 20191101-0438
configuration_id: 1632
mission: no_obstacles
replicate: 3
achieved: true
time_spent: 62.665988461
dist_to_goal: 0.49682787383644733
