---
time: 20191101-0006
configuration_id: 732
mission: no_obstacles
replicate: 0
achieved: true
time_spent: 41.699043129
dist_to_goal: 0.3008986401424775
