---
time: 20191101-0817
configuration_id: 1763
mission: no_obstacles
replicate: 2
achieved: true
time_spent: 36.455187756
dist_to_goal: 0.3596220244478584
