---
time: 20191101-1019
configuration_id: 1848
mission: no_obstacles
replicate: 1
achieved: true
time_spent: 41.69650684
dist_to_goal: 0.4043636478928782
