---
time: 20191031-2359
configuration_id: 531
mission: no_obstacles
replicate: 1
achieved: true
time_spent: 41.698313573
dist_to_goal: 0.36219662182860446
