---
time: 20191101-0525
configuration_id: 1679
mission: no_obstacles
replicate: 4
achieved: true
time_spent: 67.905690473
dist_to_goal: 0.3515114167306938
