---
time: 20191101-1023
configuration_id: 1848
mission: no_obstacles
replicate: 3
achieved: true
time_spent: 25.969917612
dist_to_goal: 0.44015374315201733
