---
time: 20191101-0905
configuration_id: 1785
mission: no_obstacles
replicate: 3
achieved: true
time_spent: 73.149759606
dist_to_goal: 0.26868836861325707
