---
time: 20191101-0617
configuration_id: 1708
mission: no_obstacles
replicate: 1
achieved: true
time_spent: 57.424688011
dist_to_goal: 0.3708445669975751
