---
time: 20191101-0259
configuration_id: 1553
mission: no_obstacles
replicate: 0
achieved: true
time_spent: 36.455599266
dist_to_goal: 0.15384983229116767
