---
time: 20191101-0630
configuration_id: 1711
mission: no_obstacles
replicate: 4
achieved: true
time_spent: 41.697080261
dist_to_goal: 0.42085288184311953
