---
time: 20191101-0641
configuration_id: 1715
mission: no_obstacles
replicate: 0
achieved: true
time_spent: 25.970534749
dist_to_goal: 0.49792671305941666
