---
time: 20191101-1021
configuration_id: 1848
mission: no_obstacles
replicate: 2
achieved: true
time_spent: 31.093491948
dist_to_goal: 0.14648721553418223
