---
time: 20191101-0827
configuration_id: 1777
mission: no_obstacles
replicate: 2
achieved: true
time_spent: 41.696991811
dist_to_goal: 0.13707990003624584
