---
time: 20191101-1013
configuration_id: 1827
mission: no_obstacles
replicate: 2
achieved: true
time_spent: 36.455169909
dist_to_goal: 0.47720104542107705
