---
time: 20191101-0046
configuration_id: 1030
mission: no_obstacles
replicate: 4
achieved: true
time_spent: 31.213064662
dist_to_goal: 0.376953337010587
