---
time: 20191101-0501
configuration_id: 1655
mission: no_obstacles
replicate: 1
achieved: true
time_spent: 41.697392558
dist_to_goal: 0.29665889975937104
