---
time: 20191101-1040
configuration_id: 1858
mission: no_obstacles
replicate: 3
achieved: true
time_spent: 31.211183616
dist_to_goal: 0.3373180309353274
