---
time: 20191101-0741
configuration_id: 1748
mission: no_obstacles
replicate: 4
achieved: true
time_spent: 46.938874598
dist_to_goal: 0.3286479121372628
