---
time: 20191101-0714
configuration_id: 1734
mission: no_obstacles
replicate: 3
achieved: true
time_spent: 46.93800531
dist_to_goal: 0.49325560962743853
