---
time: 20191101-0326
configuration_id: 1565
mission: no_obstacles
replicate: 4
achieved: true
time_spent: 25.969797982
dist_to_goal: 0.48947851823849736
