---
time: 20191101-0349
configuration_id: 1602
mission: no_obstacles
replicate: 1
achieved: true
time_spent: 15.485408489
dist_to_goal: 0.4528050830973476
