---
time: 20191101-0016
configuration_id: 875
mission: no_obstacles
replicate: 1
achieved: true
time_spent: 20.728094163
dist_to_goal: 0.23962099340721882
