---
time: 20191101-0529
configuration_id: 1684
mission: no_obstacles
replicate: 1
achieved: true
time_spent: 41.697005256
dist_to_goal: 0.36522198503428355
