---
time: 20191101-0545
configuration_id: 1688
mission: no_obstacles
replicate: 4
achieved: true
time_spent: 41.695957844
dist_to_goal: 0.13618028796090384
