---
time: 20191101-0740
configuration_id: 1748
mission: no_obstacles
replicate: 3
achieved: true
time_spent: 20.727964634
dist_to_goal: 0.34180156968776126
