---
time: 20191101-0615
configuration_id: 1708
mission: no_obstacles
replicate: 0
achieved: true
time_spent: 41.577119215
dist_to_goal: 0.09532693206632059
