---
time: 20191101-0934
configuration_id: 1816
mission: no_obstacles
replicate: 1
achieved: true
time_spent: 31.212759338
dist_to_goal: 0.454058599459977
