---
time: 20191101-0731
configuration_id: 1747
mission: no_obstacles
replicate: 2
achieved: true
time_spent: 15.484158682
dist_to_goal: 0.10444834626448389
