---
time: 20191101-1055
configuration_id: 1862
mission: no_obstacles
replicate: 1
achieved: true
time_spent: 31.211795393
dist_to_goal: 0.24660360163937134
