---
time: 20191101-1011
configuration_id: 1827
mission: no_obstacles
replicate: 1
achieved: true
time_spent: 25.970289877
dist_to_goal: 0.43642992548827153
