---
time: 20191101-0049
configuration_id: 1101
mission: no_obstacles
replicate: 1
achieved: true
time_spent: 31.213739914
dist_to_goal: 0.23157461778696498
