---
time: 20191101-0659
configuration_id: 1732
mission: no_obstacles
replicate: 0
achieved: true
time_spent: 20.728184306
dist_to_goal: 0.21931950705008502
