---
time: 20191101-1014
configuration_id: 1827
mission: no_obstacles
replicate: 3
achieved: true
time_spent: 25.969559097
dist_to_goal: 0.4579426204584287
