---
time: 20191101-0519
configuration_id: 1679
mission: no_obstacles
replicate: 1
achieved: true
time_spent: 41.696699964
dist_to_goal: 0.1791212076421344
