---
time: 20191101-1102
configuration_id: 1863
mission: no_obstacles
replicate: 1
achieved: true
time_spent: 20.726726914
dist_to_goal: 0.07133916963017582
