---
time: 20191101-0227
configuration_id: 1513
mission: no_obstacles
replicate: 0
achieved: true
time_spent: 62.665602061
dist_to_goal: 0.3339535019149473
