---
time: 20191101-0209
configuration_id: 1485
mission: no_obstacles
replicate: 4
achieved: true
time_spent: 36.454360618
dist_to_goal: 0.2730010246438807
