---
time: 20191101-0829
configuration_id: 1777
mission: no_obstacles
replicate: 3
achieved: true
time_spent: 41.696175803
dist_to_goal: 0.4768869958574112
