---
time: 20191101-0858
configuration_id: 1783
mission: no_obstacles
replicate: 4
achieved: true
time_spent: 31.212617591
dist_to_goal: 0.3431009662018205
