---
time: 20191101-0700
configuration_id: 1732
mission: no_obstacles
replicate: 1
achieved: true
time_spent: 41.696538918
dist_to_goal: 0.4599426564119493
