---
time: 20191101-0212
configuration_id: 1500
mission: no_obstacles
replicate: 1
achieved: true
time_spent: 15.485046567
dist_to_goal: 0.4044917248554073
