---
time: 20191101-0301
configuration_id: 1553
mission: no_obstacles
replicate: 1
achieved: true
time_spent: 57.42606011
dist_to_goal: 0.2859733947007834
