---
time: 20191101-0619
configuration_id: 1708
mission: no_obstacles
replicate: 2
achieved: true
time_spent: 20.728258555
dist_to_goal: 0.37526866580492496
