---
time: 20191101-0020
configuration_id: 875
mission: no_obstacles
replicate: 4
achieved: true
time_spent: 31.211791337
dist_to_goal: 0.2619022090922238
