---
time: 20191101-0451
configuration_id: 1652
mission: no_obstacles
replicate: 0
achieved: true
time_spent: 25.970305335
dist_to_goal: 0.22162066739379077
