---
time: 20191101-0411
configuration_id: 1609
mission: no_obstacles
replicate: 3
achieved: true
time_spent: 20.728484434
dist_to_goal: 0.3985095056318888
