---
time: 20191031-2331
configuration_id: 258
mission: no_obstacles
replicate: 1
achieved: true
time_spent: 41.697794001
dist_to_goal: 0.3903073042756162
