---
time: 20191101-0606
configuration_id: 1705
mission: no_obstacles
replicate: 0
achieved: true
time_spent: 36.455653888
dist_to_goal: 0.3067604594289413
