---
time: 20191101-0648
configuration_id: 1715
mission: no_obstacles
replicate: 4
achieved: true
time_spent: 15.485584926
dist_to_goal: 0.30333740456352093
