---
time: 20191101-0449
configuration_id: 1647
mission: no_obstacles
replicate: 4
achieved: true
time_spent: 36.454692908
dist_to_goal: 0.3338319440939882
