---
time: 20191101-0857
configuration_id: 1783
mission: no_obstacles
replicate: 3
achieved: true
time_spent: 25.970618535
dist_to_goal: 0.35352159050647014
