---
time: 20191101-0531
configuration_id: 1684
mission: no_obstacles
replicate: 2
achieved: true
time_spent: 46.937125932
dist_to_goal: 0.3907474351427659
