---
time: 20191101-0229
configuration_id: 1513
mission: no_obstacles
replicate: 1
achieved: true
time_spent: 52.182094042
dist_to_goal: 0.4077575456657733
