---
time: 20191101-0043
configuration_id: 1030
mission: no_obstacles
replicate: 2
achieved: true
time_spent: 41.696409996
dist_to_goal: 0.3864127103804604
