---
time: 20191101-0348
configuration_id: 1602
mission: no_obstacles
replicate: 0
achieved: true
time_spent: 31.212925737
dist_to_goal: 0.4885304559916813
