---
time: 20191101-0336
configuration_id: 1588
mission: no_obstacles
replicate: 4
achieved: true
time_spent: 25.970879583
dist_to_goal: 0.4322184238490909
