---
time: 20191101-0958
configuration_id: 1825
mission: no_obstacles
replicate: 4
achieved: true
time_spent: 36.454163636
dist_to_goal: 0.13675134601590141
