---
time: 20191101-0413
configuration_id: 1609
mission: no_obstacles
replicate: 4
achieved: true
time_spent: 20.726986696
dist_to_goal: 0.19344818049367568
