---
time: 20191101-0130
configuration_id: 1283
mission: no_obstacles
replicate: 3
achieved: true
time_spent: 25.96961639
dist_to_goal: 0.31501616945343136
