---
time: 20191101-0314
configuration_id: 1558
mission: no_obstacles
replicate: 3
achieved: true
time_spent: 36.454309402
dist_to_goal: 0.026831256334030478
