---
time: 20191101-0521
configuration_id: 1679
mission: no_obstacles
replicate: 2
achieved: true
time_spent: 67.911018273
dist_to_goal: 0.22794017398651753
