---
time: 20191101-0846
configuration_id: 1781
mission: no_obstacles
replicate: 2
achieved: true
time_spent: 36.454818033
dist_to_goal: 0.3384366700852789
