---
time: 20191101-0048
configuration_id: 1101
mission: no_obstacles
replicate: 0
achieved: true
time_spent: 46.941335892
dist_to_goal: 0.3765162815315629
