---
id: 113
motion_planner:
  mSearchUntilFirstSolution: true
  mReplanDuringEachUpdate: true
  mReplanMinDistStartGoal: 4.5
  mSpeedForward: 0.6000000000000001
  mSpeedTurn: 0.30000000000000004
  mSpeedPointTurn: 0.7000000000000001
  mNumIntermediatePoints: 2
  planning_time_sec: 5.0
trajectory_follower:
  noOrientationRotationalVelocity: 0.05
  pointTurnSpeed: 0.065
traversability:
  maximum_slope: 0.8500000000000001
  min_width: 0.15000000000000002
  ground_clearance: 0.30000000000000004
overpassed: true
