---
id: 74
motion_planner:
  mSearchUntilFirstSolution: true
  mReplanDuringEachUpdate: true
  mReplanMinDistStartGoal: 3.5
  mSpeedForward: 0.6000000000000001
  mSpeedTurn: 0.30000000000000004
  mSpeedPointTurn: 0.6
  mNumIntermediatePoints: 10
  planning_time_sec: 15.0
trajectory_follower:
  noOrientationRotationalVelocity: 0.045000000000000005
  pointTurnSpeed: 0.06
traversability:
  maximum_slope: 0.6000000000000001
  min_width: 0.15000000000000002
  ground_clearance: 0.45000000000000007
overpassed: true
