---
time: 20191101-0017
configuration_id: 875
mission: no_obstacles
replicate: 2
achieved: true
time_spent: 25.969410577
dist_to_goal: 0.38626305533525385
