---
time: 20191101-0445
configuration_id: 1647
mission: no_obstacles
replicate: 2
achieved: true
time_spent: 36.455155431
dist_to_goal: 0.4533827646458786
