---
time: 20191101-1024
configuration_id: 1848
mission: no_obstacles
replicate: 4
achieved: true
time_spent: 25.968608643
dist_to_goal: 0.43810897849643815
