---
time: 20191101-1000
configuration_id: 1826
mission: no_obstacles
replicate: 0
achieved: true
time_spent: 52.181339478
dist_to_goal: 0.34861069304445685
