---
time: 20191101-1043
configuration_id: 1860
mission: no_obstacles
replicate: 0
achieved: true
time_spent: 46.939253882
dist_to_goal: 0.4564921232880855
