---
time: 20191101-0036
configuration_id: 886
mission: no_obstacles
replicate: 3
achieved: true
time_spent: 36.456333476
dist_to_goal: 0.2951581493749081
