---
time: 20191101-0735
configuration_id: 1748
mission: no_obstacles
replicate: 0
achieved: true
time_spent: 25.969793809
dist_to_goal: 0.19320127502411089
