---
time: 20191101-0402
configuration_id: 1603
mission: no_obstacles
replicate: 3
achieved: true
time_spent: 36.455650425
dist_to_goal: 0.48498044322606093
