---
time: 20191101-0206
configuration_id: 1485
mission: no_obstacles
replicate: 2
achieved: true
time_spent: 36.454011093
dist_to_goal: 0.4854064463922666
