---
time: 20191101-0305
configuration_id: 1553
mission: no_obstacles
replicate: 3
achieved: true
time_spent: 36.45491972
dist_to_goal: 0.258827414629697
