---
time: 20191101-0459
configuration_id: 1655
mission: no_obstacles
replicate: 0
achieved: true
time_spent: 62.66576364
dist_to_goal: 0.4115334926528496
