---
time: 20191101-0002
configuration_id: 531
mission: no_obstacles
replicate: 3
achieved: true
time_spent: 62.665761244
dist_to_goal: 0.4305102307895408
