---
time: 20191101-0441
configuration_id: 1647
mission: no_obstacles
replicate: 0
achieved: true
time_spent: 36.454734524
dist_to_goal: 0.23879001576240072
