---
time: 20191101-0711
configuration_id: 1734
mission: no_obstacles
replicate: 1
achieved: true
time_spent: 20.728267786
dist_to_goal: 0.423656009184209
