---
time: 20191101-0947
configuration_id: 1823
mission: no_obstacles
replicate: 3
achieved: true
time_spent: 31.213248117
dist_to_goal: 0.4851540968490451
