---
time: 20191101-0607
configuration_id: 1705
mission: no_obstacles
replicate: 1
achieved: true
time_spent: 31.21135159
dist_to_goal: 0.4558924536088854
