---
time: 20191101-0217
configuration_id: 1500
mission: no_obstacles
replicate: 4
achieved: true
time_spent: 15.486162326
dist_to_goal: 0.14184823098286434
