---
time: 20191101-0845
configuration_id: 1781
mission: no_obstacles
replicate: 1
achieved: true
time_spent: 36.454666367
dist_to_goal: 0.17772794402262435
