---
time: 20191101-0943
configuration_id: 1823
mission: no_obstacles
replicate: 1
achieved: true
time_spent: 36.455076917
dist_to_goal: 0.2682465139584511
