---
time: 20191101-0403
configuration_id: 1603
mission: no_obstacles
replicate: 4
achieved: true
time_spent: 52.180471449
dist_to_goal: 0.35681889689779395
