---
time: 20191101-0218
configuration_id: 1501
mission: no_obstacles
replicate: 0
achieved: true
time_spent: 36.455441256
dist_to_goal: 0.4887208650012989
