---
time: 20191031-2332
configuration_id: 258
mission: no_obstacles
replicate: 2
achieved: true
time_spent: 41.69651491
dist_to_goal: 0.27532280932761094
