---
time: 20191101-1105
configuration_id: 1863
mission: no_obstacles
replicate: 3
achieved: true
time_spent: 20.727413248
dist_to_goal: 0.18063896209092967
