---
time: 20191101-0535
configuration_id: 1684
mission: no_obstacles
replicate: 4
achieved: true
time_spent: 62.665811127
dist_to_goal: 0.3354648310503679
