---
time: 20191101-0515
configuration_id: 1677
mission: no_obstacles
replicate: 4
achieved: true
time_spent: 31.210904433
dist_to_goal: 0.4296241695551405
