---
time: 20191101-0657
configuration_id: 1725
mission: no_obstacles
replicate: 4
achieved: true
time_spent: 36.456458021
dist_to_goal: 0.44035380697049303
