---
time: 20191101-0729
configuration_id: 1747
mission: no_obstacles
replicate: 1
achieved: true
time_spent: 20.727579341
dist_to_goal: 0.2081046326233528
