---
time: 20191101-0645
configuration_id: 1715
mission: no_obstacles
replicate: 2
achieved: true
time_spent: 15.485748318
dist_to_goal: 0.44871795825360367
