---
time: 20191102-1733
configuration_id: 1857
mission: with_obstacles
replicate: 1
achieved: true
time_spent: 83.635941485
dist_to_goal: 0.370096658191744
