---
time: 20191101-0355
configuration_id: 1603
mission: no_obstacles
replicate: 0
achieved: true
time_spent: 52.18364894
dist_to_goal: 0.29569201171778403
