---
time: 20191031-2348
configuration_id: 494
mission: no_obstacles
replicate: 0
achieved: true
time_spent: 25.97010239
dist_to_goal: 0.4959995400680627
