---
time: 20191101-0010
configuration_id: 732
mission: no_obstacles
replicate: 3
achieved: true
time_spent: 46.939524187
dist_to_goal: 0.21139140512512286
