---
time: 20191101-0903
configuration_id: 1785
mission: no_obstacles
replicate: 2
achieved: true
time_spent: 36.453769295
dist_to_goal: 0.14115321439471354
