---
time: 20191101-0053
configuration_id: 1101
mission: no_obstacles
replicate: 3
achieved: true
time_spent: 31.211681474
dist_to_goal: 0.41326835264068346
