---
time: 20191101-0254
configuration_id: 1529
mission: no_obstacles
replicate: 2
achieved: true
time_spent: 25.970949378
dist_to_goal: 0.44690903896592504
