---
time: 20191101-0738
configuration_id: 1748
mission: no_obstacles
replicate: 2
achieved: true
time_spent: 36.455549395
dist_to_goal: 0.44470109558884574
