---
time: 20191101-0136
configuration_id: 1435
mission: no_obstacles
replicate: 2
achieved: true
time_spent: 25.970746296
dist_to_goal: 0.3232685760525932
