---
time: 20191101-1049
configuration_id: 1860
mission: no_obstacles
replicate: 3
achieved: true
time_spent: 52.179060029
dist_to_goal: 0.4143657300319417
