---
time: 20191101-0000
configuration_id: 531
mission: no_obstacles
replicate: 2
achieved: true
time_spent: 36.456344028
dist_to_goal: 0.22917099659477377
