---
time: 20191101-0022
configuration_id: 879
mission: no_obstacles
replicate: 0
achieved: true
time_spent: 36.456554358
dist_to_goal: 0.201611619985541
