---
time: 20191101-0107
configuration_id: 1212
mission: no_obstacles
replicate: 1
achieved: true
time_spent: 62.665889828
dist_to_goal: 0.4869843158568578
