---
time: 20191101-0907
configuration_id: 1785
mission: no_obstacles
replicate: 4
achieved: true
time_spent: 36.455334742
dist_to_goal: 0.3011436119928468
