---
time: 20191031-2340
configuration_id: 294
mission: no_obstacles
replicate: 1
achieved: true
time_spent: 41.577648784
dist_to_goal: 0.42853414280521723
