---
time: 20191101-0332
configuration_id: 1588
mission: no_obstacles
replicate: 2
achieved: true
time_spent: 20.727635143
dist_to_goal: 0.3857950122923894
