---
time: 20191101-0222
configuration_id: 1501
mission: no_obstacles
replicate: 2
achieved: true
time_spent: 67.908452954
dist_to_goal: 0.41329913227573123
