---
time: 20191101-0510
configuration_id: 1677
mission: no_obstacles
replicate: 1
achieved: true
time_spent: 15.485059183
dist_to_goal: 0.3385508226704072
