---
time: 20191101-0620
configuration_id: 1708
mission: no_obstacles
replicate: 3
achieved: true
time_spent: 25.971458936
dist_to_goal: 0.35388906441908446
