---
time: 20191101-1039
configuration_id: 1858
mission: no_obstacles
replicate: 2
achieved: true
time_spent: 25.969329457
dist_to_goal: 0.41406410689295114
