---
time: 20191101-0855
configuration_id: 1783
mission: no_obstacles
replicate: 2
achieved: true
time_spent: 31.211474373
dist_to_goal: 0.45825431270001266
