---
time: 20191101-0954
configuration_id: 1825
mission: no_obstacles
replicate: 2
achieved: true
time_spent: 41.698817309
dist_to_goal: 0.18542615422842199
