---
time: 20191101-0557
configuration_id: 1692
mission: no_obstacles
replicate: 1
achieved: true
time_spent: 57.423446934
dist_to_goal: 0.318850257328565
