---
time: 20191101-0321
configuration_id: 1565
mission: no_obstacles
replicate: 2
achieved: true
time_spent: 67.904866471
dist_to_goal: 0.4230489802006733
