---
time: 20191101-1010
configuration_id: 1827
mission: no_obstacles
replicate: 0
achieved: true
time_spent: 25.970261227
dist_to_goal: 0.43394378105968534
