---
time: 20191101-0636
configuration_id: 1712
mission: no_obstacles
replicate: 2
achieved: true
time_spent: 25.970128502
dist_to_goal: 0.2651021431526228
