---
time: 20191101-0457
configuration_id: 1652
mission: no_obstacles
replicate: 4
achieved: true
time_spent: 25.970612316
dist_to_goal: 0.24414911176780746
