---
time: 20191101-0410
configuration_id: 1609
mission: no_obstacles
replicate: 2
achieved: true
time_spent: 52.182876409
dist_to_goal: 0.46647564162563177
