---
time: 20191101-0807
configuration_id: 1762
mission: no_obstacles
replicate: 2
achieved: true
time_spent: 73.148618346
dist_to_goal: 0.4890204558282616
