---
time: 20191101-0555
configuration_id: 1692
mission: no_obstacles
replicate: 0
achieved: true
time_spent: 73.151932361
dist_to_goal: 0.41184021027612605
