---
time: 20191101-0031
configuration_id: 886
mission: no_obstacles
replicate: 0
achieved: true
time_spent: 36.45617879
dist_to_goal: 0.2057791564154993
