---
time: 20191101-0102
configuration_id: 1211
mission: no_obstacles
replicate: 3
achieved: true
time_spent: 25.970009029
dist_to_goal: 0.38632575692945204
