---
time: 20191101-0027
configuration_id: 879
mission: no_obstacles
replicate: 3
achieved: true
time_spent: 67.906121631
dist_to_goal: 0.14855948437518013
