---
time: 20191101-0732
configuration_id: 1747
mission: no_obstacles
replicate: 3
achieved: true
time_spent: 25.970317227
dist_to_goal: 0.3556004140322208
