---
time: 20191101-0514
configuration_id: 1677
mission: no_obstacles
replicate: 3
achieved: true
time_spent: 15.485059181
dist_to_goal: 0.3670663609728396
