---
time: 20191101-1542
configuration_id: 1715
mission: with_obstacles
replicate: 4
achieved: true
time_spent: 83.633887721
dist_to_goal: 0.24499395548668296
