---
time: 20191101-0452
configuration_id: 1652
mission: no_obstacles
replicate: 1
achieved: true
time_spent: 20.727728592
dist_to_goal: 0.12050476693851829
