---
time: 20191101-0643
configuration_id: 1715
mission: no_obstacles
replicate: 1
achieved: true
time_spent: 67.908167081
dist_to_goal: 0.4561578402166131
