---
time: 20191101-0831
configuration_id: 1777
mission: no_obstacles
replicate: 4
achieved: true
time_spent: 41.696943071
dist_to_goal: 0.4969219117168134
