---
time: 20191101-0722
configuration_id: 1742
mission: no_obstacles
replicate: 2
achieved: true
time_spent: 20.727174042
dist_to_goal: 0.41901055703570683
