---
time: 20191101-1016
configuration_id: 1827
mission: no_obstacles
replicate: 4
achieved: true
time_spent: 36.454499369
dist_to_goal: 0.4112377714745537
