---
time: 20191101-0352
configuration_id: 1602
mission: no_obstacles
replicate: 3
achieved: true
time_spent: 52.182172409
dist_to_goal: 0.4314736006393906
