---
time: 20191101-0416
configuration_id: 1617
mission: no_obstacles
replicate: 1
achieved: true
time_spent: 31.212833314
dist_to_goal: 0.39364148824981154
