---
time: 20191101-0132
configuration_id: 1283
mission: no_obstacles
replicate: 4
achieved: true
time_spent: 25.968649461
dist_to_goal: 0.1952663893033922
