---
time: 20191101-0324
configuration_id: 1565
mission: no_obstacles
replicate: 3
achieved: true
time_spent: 62.66215963
dist_to_goal: 0.49479877932416266
