---
time: 20191101-0116
configuration_id: 1251
mission: no_obstacles
replicate: 0
achieved: true
time_spent: 52.186291953
dist_to_goal: 0.2660633586205242
