---
time: 20191101-0603
configuration_id: 1692
mission: no_obstacles
replicate: 4
achieved: true
time_spent: 67.907544005
dist_to_goal: 0.03852975726224652
