---
time: 20191101-0041
configuration_id: 1030
mission: no_obstacles
replicate: 1
achieved: true
time_spent: 36.33419549
dist_to_goal: 0.4608115773265453
