---
time: 20191101-0952
configuration_id: 1825
mission: no_obstacles
replicate: 1
achieved: true
time_spent: 36.453169842
dist_to_goal: 0.49297232204484565
