---
time: 20191101-0748
configuration_id: 1752
mission: no_obstacles
replicate: 2
achieved: true
time_spent: 62.665951003
dist_to_goal: 0.2092635667202835
