---
time: 20191101-0942
configuration_id: 1823
mission: no_obstacles
replicate: 0
achieved: true
time_spent: 25.969204912
dist_to_goal: 0.49454053060111497
