---
time: 20191101-0546
configuration_id: 1690
mission: no_obstacles
replicate: 0
achieved: true
time_spent: 20.727290605
dist_to_goal: 0.39996269753977054
