---
id: 148
motion_planner:
  mSearchUntilFirstSolution: true
  mReplanDuringEachUpdate: false
  mReplanMinDistStartGoal: 5.0
  mSpeedForward: 0.2
  mSpeedTurn: 0.30000000000000004
  mSpeedPointTurn: 0.30000000000000004
  mNumIntermediatePoints: 8
  planning_time_sec: 1.0
trajectory_follower:
  noOrientationRotationalVelocity: 0.060000000000000005
  pointTurnSpeed: 0.05500000000000001
traversability:
  maximum_slope: 0.9000000000000001
  min_width: 0.2
  ground_clearance: 0.45000000000000007
