---
id: 86
motion_planner:
  mSearchUntilFirstSolution: true
  mReplanDuringEachUpdate: false
  mReplanMinDistStartGoal: 5.0
  mSpeedForward: 0.6000000000000001
  mSpeedTurn: 0.2
  mSpeedPointTurn: 0.30000000000000004
  mNumIntermediatePoints: 7
  planning_time_sec: 9.0
trajectory_follower:
  noOrientationRotationalVelocity: 0.06999999999999999
  pointTurnSpeed: 0.05500000000000001
traversability:
  maximum_slope: 0.8500000000000001
  min_width: 0.0
  ground_clearance: 0.15000000000000002
overpassed: true
