---
time: 20191101-0118
configuration_id: 1251
mission: no_obstacles
replicate: 1
achieved: true
time_spent: 31.212739203
dist_to_goal: 0.48556059442787053
