---
time: 20191101-0550
configuration_id: 1690
mission: no_obstacles
replicate: 2
achieved: true
time_spent: 25.970541439
dist_to_goal: 0.4269084226467895
