---
time: 20191101-1045
configuration_id: 1860
mission: no_obstacles
replicate: 1
achieved: true
time_spent: 52.181828315
dist_to_goal: 0.15598796064658096
