---
time: 20191101-0310
configuration_id: 1558
mission: no_obstacles
replicate: 1
achieved: true
time_spent: 36.45486597
dist_to_goal: 0.07894019919650018
