---
time: 20191101-0351
configuration_id: 1602
mission: no_obstacles
replicate: 2
achieved: true
time_spent: 15.485234384
dist_to_goal: 0.44544046504638146
