---
time: 20191101-0632
configuration_id: 1712
mission: no_obstacles
replicate: 0
achieved: true
time_spent: 31.21314354
dist_to_goal: 0.47659160966477043
