---
time: 20191101-0507
configuration_id: 1655
mission: no_obstacles
replicate: 4
achieved: true
time_spent: 62.664741276
dist_to_goal: 0.3685432072654648
