---
time: 20191101-0537
configuration_id: 1688
mission: no_obstacles
replicate: 0
achieved: true
time_spent: 52.180107389
dist_to_goal: 0.34081057154613237
