---
time: 20191101-0035
configuration_id: 886
mission: no_obstacles
replicate: 2
achieved: true
time_spent: 36.45572373
dist_to_goal: 0.2594933355707252
