---
time: 20191101-0527
configuration_id: 1684
mission: no_obstacles
replicate: 0
achieved: true
time_spent: 36.456125289
dist_to_goal: 0.18906223517974272
