---
time: 20191101-0646
configuration_id: 1715
mission: no_obstacles
replicate: 3
achieved: true
time_spent: 25.970261477
dist_to_goal: 0.43919169065766983
